Oea  (1492,1246)  (1452,1285)  (1531,1286)  (1467,1206)  (1507,1206)  (1532,1246)  (1491,1325)  (1451,1325)  (1542,1326)  (1489,1166)
Tanais  (2518,40)  (2554,18)  (2423,22)  (2464,2)  (2510,1)
Pella  (1951,553)  (2003,521)  (1955,505)  (1972,458)  (1920,457)  (1979,414)
Veldidena  (1409,86)  (1369,107)  (1449,65)  (1449,105)  (1329,104)  (1489,115)
Sparta  (2008,874)  (2038,899)  (2080,900)  (2057,856)  (2103,834)
Croton  (1656,865)  (1690,817)  (1700,770)  (1659,755)  (1673,708)
Siwa  (1989,1332)  (1949,1359)  (1949,1319)  (2029,1296)  (2029,1336)  (1909,1359)
Barcino  (731,517)  (786,522)  (830,482)  (784,471)  (732,465)  (723,417)
Sirmium  (1738,255)  (1698,263)  (1698,223)  (1755,295)  (1784,335)
Helicarnassus  (2335,778)  (2380,781)  (2418,789)  (2484,739)  (2436,741)  (2390,740)
Cestra Regina  (1310,19)  (1270,40)  (1270,0)  (1350,0)  (1230,25)  (1390,0)  (1190,25)
Arretium  (1411,477)  (1367,487)  (1381,438)  (1335,436)  (1297,388)
Memphis  (2416,1346)  (2466,1345)  (2408,1298)  (2454,1298)  (2388,1250)  (2438,1250)  (2383,1200)  (2435,1201)
Thessalonica  (2023,571)  (2069,565)  (2110,565)  (2109,522)  (2155,509)
Aquincum  (1878,59)  (1878,99)  (1855,19)  (1895,19)  (1838,104)  (1798,138)
Euphrates  (3064,1115)  (3024,1154)  (3097,1155)  (3069,1075)  (3104,1115)  (3109,1074)  (3057,1194)  (3149,1094)
Melitene  (2876,568)  (2836,568)  (2915,608)  (2875,608)  (2835,528)  (2927,648)  (2887,648)  (2795,504)
Larissa  (2065,709)  (2076,661)  (2034,664)  (2035,620)  (2152,652)  (2195,649)
Brigantium  (202,290)  (162,313)  (162,273)  (202,250)  (242,250)  (242,290)  (160,233)  (200,210)  (282,267)
Corinth  (1984,824)  (2030,828)  (2026,788)  (2068,804)
Siga  (432,1022)  (392,1061)  (392,1021)  (471,1062)  (432,982)  (472,982)  (472,1022)  (372,1101)  (352,1061)  (332,1116)  (312,1076)  (292,1135)
Albana  (3306,395)  (3266,400)  (3266,360)  (3342,435)  (3306,355)  (3346,391)  (3230,320)  (3226,366)  (3270,315)  (3217,280)  (3257,275)  (3217,240)  (3257,235)  (3213,200)  (3253,195)  (3172,163)  (3212,160)  (3171,123)
Jerusalem  (2625,1280)  (2627,1231)  (2621,1181)  (2665,1174)  (2661,1125)  (2707,1077)
Byzantium  (2200,521)  (2233,520)  (2312,498)  (2272,500)  (2226,473)  (2268,454)
Pergamum  (2236,591)  (2276,582)  (2317,564)  (2259,633)  (2303,629)  (2347,596)
Elusa  (650,277)  (610,312)  (629,237)  (690,251)
Hermopolis  (2223,1344)  (2261,1341)  (2298,1334)  (2348,1348)  (2354,1306)
Thenae  (1264,1144)  (1224,1183)  (1281,1184)  (1228,1104)  (1268,1104)  (1304,1144)  (1241,1223)  (1201,1256)  (1262,1263)  (1222,1296)  (1182,1297)  (1236,1336)  (1196,1337)  (1156,1358)
Theveste  (926,1218)  (886,1257)  (886,1217)  (965,1258)  (926,1178)  (966,1178)  (966,1218)  (925,1297)  (885,1297)  (974,1298)  (901,1138)  (934,1337)  (894,1337)
Alexandria  (2217,1290)  (2262,1289)  (2305,1277)  (2339,1241)  (2293,1226)  (2253,1242)  (2208,1235)
Pax Julia  (108,715)  (143,686)  (63,717)  (66,671)  (16,696)
Majar  (3004,93)  (2964,116)  (2964,76)  (3004,53)  (3044,53)  (3044,93)  (2946,36)  (3079,133)  (2986,13)  (3026,13)  (3084,55)  (3119,95)
Tolosa  (740,322)  (700,361)  (757,362)  (780,295)
Salmantica  (281,518)  (241,557)  (241,517)  (281,478)  (321,479)  (278,597)  (238,597)  (260,438)
Pessinus  (2443,621)  (2486,619)  (2530,611)  (2578,604)  (2551,559)  (2505,564)
Roma  (1508,587)  (1546,575)  (1498,539)  (1460,564)  (1453,515)  (1412,529)
Berenice  (1803,1312)  (1763,1351)  (1763,1311)  (1842,1352)  (1843,1282)  (1723,1359)  (1723,1319)
Damascus  (2811,1063)  (2760,1064)  (2849,1015)  (2801,1017)  (2888,991)  (2847,966)  (2802,966)  (2813,917)
Petra  (2724,1258)  (2684,1283)  (2699,1218)  (2764,1226)  (2797,1266)  (2804,1224)  (2844,1242)
Vindonissa  (1172,121)  (1132,153)  (1132,113)  (1172,81)  (1212,81)  (1212,121)  (1106,193)  (1092,153)  (1252,120)
Edessa  (2955,790)  (2906,769)  (2954,742)  (2994,706)  (2941,697)  (2892,715)
Salonae  (1791,420)  (1751,426)  (1830,460)  (1831,396)  (1790,466)
Napoca  (2026,62)  (1986,101)  (1986,61)  (2065,102)  (2026,22)  (2066,43)  (1946,95)  (2106,66)
Cartenna  (583,961)  (543,1000)  (543,960)  (622,1001)  (583,921)  (623,921)  (623,961)  (541,920)  (582,1040)  (542,1040)  (625,1041)
Sarmizegetusa  (2165,136)  (2201,176)  (2161,176)  (2156,96)  (2205,124)  (2121,183)
Heraclea Pontica  (2524,451)  (2484,478)  (2530,491)  (2514,411)  (2564,451)
Babylon  (3292,1197)  (3331,1237)  (3291,1237)  (3297,1157)  (3332,1197)  (3337,1152)  (3371,1237)
Tavium  (2654,530)  (2614,559)  (2614,519)  (2685,570)  (2654,490)  (2694,490)  (2694,530)  (2734,505)
Salamis  (2491,885)  (2530,894)  (2566,890)  (2531,848)  (2577,841)
Volubilis  (390,1251)  (350,1290)  (350,1250)  (429,1291)  (390,1211)  (430,1211)  (430,1251)  (348,1210)  (389,1330)  (349,1330)  (310,1290)  (310,1250)  (465,1331)  (309,1331)  (388,1171)  (428,1171)  (308,1210)  (340,1170)  (270,1291)  (270,1251)  (269,1359)  (437,1131)
Athenae  (2131,805)  (2089,766)  (2145,763)  (2116,731)  (2221,728)
Caralis  (1146,706)  (1191,680)  (1142,658)  (1187,634)  (1140,609)  (1186,585)
Phasis  (2937,281)  (2977,255)  (2977,295)  (3017,267)  (3017,307)  (2866,298)
Sinope  (2611,424)  (2658,429)  (2703,425)  (2750,444)  (2759,396)  (2654,385)  (2603,376)
Sanina  (3408,582)  (3383,542)  (3423,542)  (3448,582)  (3450,622)  (3462,662)  (3358,502)  (3398,502)
SZ 78  (3491,124)  (3451,163)  (3451,123)  (3494,84)  (3531,124)  (3534,81)  (3411,163)
SZ 79  (3439,254)  (3399,293)  (3399,253)  (3478,294)  (3439,214)  (3479,214)  (3479,254)  (3397,213)  (3359,306)  (3359,266)  (3357,226)  (3317,236)
Ninive  (3167,848)  (3206,888)  (3134,808)  (3174,808)  (3207,848)  (3246,888)  (3246,928)  (3118,768)  (3158,768)
SZ 76  (2595,235)  (2555,263)  (2555,223)  (2595,195)
SZ 77  (2577,85)  (2537,100)  (2596,45)
SZ 74  (2808,303)  (2804,263)
Verona  (1329,277)  (1291,263)  (1329,217)  (1287,214)  (1368,170)  (1320,169)
SZ 75  (2706,248)  (2671,208)  (2711,208)  (2746,248)  (2671,168)
SZ 72  (2559,320)  (2599,303)
SZ 73  (2705,334)  (2745,303)  (2745,343)
SZ 70  (2388,176)  (2348,185)  (2353,136)
Antioch  (2748,844)  (2788,871)  (2829,839)  (2785,826)  (2845,792)  (2802,778)  (2750,779)  (2831,733)  (2781,730)  (2840,685)  (2792,687)
SZ 71  (2446,273)  (2485,313)  (2445,313)  (2414,233)  (2454,233)  (2486,273)
Thapsus  (1197,984)  (1157,1023)  (1157,983)  (1207,1024)  (1237,956)  (1167,1063)  (1127,1063)  (1185,1103)
Sabrata  (1409,1173)  (1369,1212)  (1369,1172)  (1410,1213)  (1409,1133)  (1370,1252)  (1330,1252)  (1380,1292)  (1340,1292)  (1300,1311)  (1375,1332)  (1335,1351)  (1295,1351)
Axiopolis  (2125,305)  (2180,307)  (2202,260)  (2153,260)  (2197,211)
Palantia  (450,449)  (410,464)  (428,409)  (468,409)  (490,449)  (508,392)  (365,453)
Theodesia  (2497,185)  (2537,155)  (2430,148)  (2484,137)  (2564,117)  (2404,85)  (2467,95)  (2467,46)
Thamea  (2922,1326)  (2882,1359)  (2882,1319)  (2922,1286)  (2962,1286)  (2962,1326)  (2896,1246)  (2936,1246)  (2976,1246)  (2888,1206)  (2928,1206)  (2848,1182)  (2888,1166)
Delphi  (2040,740)  (1903,745)  (2001,694)  (2001,741)  (1954,721)
Cale  (174,395)  (134,419)  (134,379)  (214,362)  (214,402)
SZ 69  (2353,290)  (2313,313)  (2313,273)  (2353,250)
Amida  (3046,628)  (3006,663)  (3006,623)  (3085,668)  (3046,588)  (3086,627)  (3000,583)  (3040,548)
SZ 65  (2197,696)  (2154,717)  (2111,687)  (2110,637)
SZ 66  (2218,647)  (2163,628)  (2164,580)
Nexuana  (3256,530)  (3216,569)  (3295,570)  (3227,490)  (3267,490)  (3296,530)  (3335,577)  (3295,610)  (3227,450)
Trapezus  (2822,419)  (2868,411)  (2914,416)  (2961,416)  (2960,368)  (2911,366)  (2863,360)  (2814,372)
SZ 67  (2276,414)  (2323,415)  (2371,414)  (2329,457)
SZ 68  (2447,364)  (2407,375)  (2487,353)  (2439,415)  (2367,375)  (2327,375)  (2287,375)
SZ 61  (2371,886)  (2410,926)  (2370,926)  (2345,846)  (2385,846)  (2411,886)  (2425,843)
SZ 62  (2251,928)  (2211,967)  (2211,927)  (2290,968)  (2251,888)  (2291,926)  (2209,887)
Armavira  (3144,280)  (3104,319)  (3104,279)  (3169,320)  (3144,240)  (3102,239)  (3062,228)  (3102,199)  (3051,188)  (3011,210)
SZ 63  (2152,903)  (2169,943)  (2129,943)  (2151,863)
SZ 64  (2283,798)  (2230,780)  (2181,779)
Sardes  (2358,690)  (2318,729)  (2318,689)  (2376,650)  (2398,690)  (2278,708)  (2438,674)  (2478,673)
SZ 60  (2467,971)  (2510,972)  (2549,971)  (2465,1032)  (2510,1023)  (2547,1033)
Tibiscum  (1955,153)  (1915,177)  (1995,147)  (2035,147)  (2075,147)
Tarraco  (636,588)  (587,585)  (662,541)  (610,539)  (682,494)  (635,496)
Banasa  (183,1203)  (143,1242)  (143,1202)  (215,1243)  (183,1163)  (223,1163)  (223,1203)  (141,1162)  (175,1282)  (135,1282)  (181,1123)  (221,1123)  (113,1122)  (201,1322)  (161,1322)  (121,1322)  (153,1083)  (193,1083)  (233,1083)  (81,1352)
Gerrha  (3127,1348)  (3087,1359)  (3087,1319)  (3167,1348)  (3049,1279)  (3047,1359)  (3029,1312)
Aleria  (1188,509)  (1204,461)  (1193,415)
Messana  (1594,869)  (1547,857)  (1502,850)  (1595,821)  (1547,812)
Philippopolis  (2049,511)  (2090,487)  (2126,465)  (2017,464)  (2066,446)
Lauriacum  (1586,45)  (1546,84)  (1546,44)  (1598,85)  (1586,5)  (1626,5)  (1544,4)  (1504,35)  (1464,12)
Mediolanum  (1131,266)  (1174,246)  (1239,235)  (1208,196)  (1156,199)
Castulo  (404,635)  (364,620)  (444,623)  (348,580)
Narbo  (874,365)  (834,404)  (834,364)  (914,337)  (859,324)
Carthago Nova  (491,787)  (534,768)  (444,749)  (489,740)  (445,702)  (492,699)
Cyrene  (1851,1165)  (1811,1204)  (1811,1164)  (1866,1205)  (1851,1125)  (1891,1125)  (1891,1165)
Toletum  (488,570)  (532,544)  (437,567)  (390,538)  (485,519)  (434,512)  (378,496)
Massilia  (1071,358)  (1031,397)  (1031,357)  (1072,398)  (1071,318)  (1111,338)  (991,379)
Carthago  (1128,919)  (1164,906)  (1203,905)  (1247,894)  (1262,846)  (1129,863)  (1173,858)  (1215,846)  (1128,815)  (1173,809)  (1218,800)
Tarsus  (2724,643)  (2729,603)  (2764,643)  (2769,598)  (2804,638)
Vindobona  (1708,64)  (1668,103)  (1747,104)  (1689,24)  (1729,24)  (1748,64)  (1769,3)  (1707,143)  (1788,43)
Tyras  (2278,105)  (2238,78)  (2213,38)  (2253,38)  (2173,36)  (2133,19)
SZ 80  (3482,383)  (3442,422)  (3442,382)  (3521,423)  (3522,346)  (3402,382)
SZ 81  (3550,552)  (3510,527)  (3559,592)  (3550,512)  (3470,504)
SZ 82  (3540,683)  (3500,722)  (3559,723)  (3559,763)
SZ 83  (3423,1327)  (3383,1319)  (3463,1314)  (3463,1354)
SZ 84  (2531,1348)  (2508,1306)  (2485,1261)  (2601,1350)
SZ 85  (1276,563)  (1275,513)  (1226,565)  (1230,516)
Hatra  (3073,873)  (3033,887)  (3033,847)  (3073,833)  (3113,894)  (3006,807)  (3046,793)  (3032,753)
SZ 86  (1324,562)  (1370,562)  (1326,512)  (1297,456)
Vologesia  (3200,1228)  (3160,1267)  (3160,1227)  (3239,1268)  (3200,1188)  (3158,1187)  (3120,1261)  (3249,1308)  (3209,1308)  (3198,1148)
Syracusae  (1596,946)  (1547,947)  (1501,937)  (1546,901)  (1496,889)
Capua  (1628,694)  (1587,687)  (1651,645)  (1609,645)  (1563,624)  (1618,600)
Auzia  (567,1200)  (527,1239)  (527,1199)  (606,1240)  (567,1160)  (607,1160)  (607,1200)  (525,1159)  (566,1279)  (526,1279)  (646,1240)  (646,1280)  (606,1280)  (565,1120)  (605,1120)  (645,1120)  (647,1160)  (647,1200)  (486,1119)  (685,1082)  (566,1319)  (526,1319)  (660,1320)  (620,1320)  (687,1122)  (580,1359)  (540,1359)
SZ 31  (1411,778)  (1409,728)  (1362,761)  (1320,786)  (1361,714)  (1323,725)
SZ 30  (1164,775)  (1211,773)  (1274,801)  (1274,755)  (1274,713)  (1224,725)
Odessus  (2173,449)  (2217,424)  (2176,399)  (2222,376)  (2175,351)
SZ 37  (1536,1075)  (1496,1098)  (1496,1058)  (1573,1115)  (1573,1155)
SZ 36  (1512,989)  (1552,996)  (1592,996)  (1632,989)  (1672,966)  (1672,1006)
SZ 39  (1762,1045)  (1801,1085)  (1761,1085)  (1729,1005)  (1769,1005)  (1802,1045)  (1809,1004)  (1746,1125)
SZ 38  (1635,1111)  (1674,1151)  (1634,1151)  (1613,1071)  (1653,1071)  (1675,1111)  (1714,1173)  (1674,1191)  (1615,1191)  (1736,1213)
Logdunum  (989,119)  (949,158)  (949,118)  (1029,121)  (963,78)  (909,172)  (909,132)  (869,163)  (869,123)
SZ 33  (1683,897)  (1642,917)  (1642,804)  (1615,757)
Susa  (3440,1061)  (3400,1100)  (3400,1060)  (3479,1101)  (3440,1021)  (3480,1027)  (3360,1063)  (3519,1067)  (3519,1107)  (3559,1086)  (3559,1126)
Stabula  (1074,17)  (1034,53)  (1034,13)  (1099,57)  (1114,0)
SZ 32  (1459,781)  (1515,776)  (1568,766)  (1456,727)  (1505,722)  (1552,717)
SZ 35  (1353,1038)  (1313,1053)  (1313,1013)  (1393,1043)  (1273,1031)  (1433,1042)
SZ 34  (1340,923)  (1300,914)  (1380,915)  (1311,874)  (1422,946)
Palmyra  (2999,1025)  (2959,1064)  (2959,1024)  (3003,1065)  (2999,985)  (3039,985)  (3039,1025)  (2963,1104)  (2923,1104)  (2919,1064)  (2997,945)  (3037,945)  (3079,949)
SZ 29  (1058,762)  (1018,801)  (1018,761)  (1058,722)  (1098,722)  (1098,762)  (1016,721)
Salapia  (1629,551)  (1589,560)  (1551,529)  (1528,482)  (1480,468)
Hispatis  (206,720)  (166,759)  (201,680)  (241,680)  (246,720)
Cydonia  (2089,990)  (2131,997)  (2177,994)  (2219,999)  (2266,995)
Acci  (353,807)  (313,827)  (313,787)  (393,796)  (433,804)
SZ 20  (1082,467)  (1042,490)  (1042,450)  (1122,433)  (1122,473)
Bostra  (2768,1135)  (2728,1170)  (2788,1175)  (2808,1133)  (2848,1109)
Seleucia  (3243,1103)  (3292,1101)  (3276,1054)  (3230,1054)  (3184,1052)  (3237,1006)  (3191,1004)  (3141,1005)  (3178,956)  (3128,957)
Ctesiphon  (3328,972)  (3288,993)  (3313,932)  (3353,932)  (3368,972)  (3308,892)  (3348,892)  (3388,892)  (3294,852)  (3334,852)  (3268,812)  (3308,812)
Senio  (1625,333)  (1664,373)  (1624,373)  (1592,293)  (1632,293)  (1665,333)  (1705,350)
Sinda  (2705,106)  (2665,124)  (2665,84)  (2742,66)  (2745,106)  (2782,46)  (2785,86)  (2825,65)  (2825,105)  (2865,78)
Istropolis  (2230,315)  (2248,268)  (2245,218)  (2293,200)
Gades  (263,824)  (207,860)  (179,823)  (218,803)
SZ 28  (936,761)  (896,800)  (896,760)  (967,801)  (936,721)  (894,720)
SZ 27  (806,774)  (766,813)  (766,773)  (820,814)  (806,734)  (764,733)  (726,830)  (726,790)  (724,750)
SZ 26  (1458,664)  (1500,664)  (1545,665)  (1457,616)
Pompaelo  (384,363)  (404,313)  (448,292)  (453,330)  (500,341)  (547,327)  (497,295)
SZ 25  (1324,667)  (1365,665)  (1409,665)  (1407,615)  (1363,615)  (1324,615)
Igilgili  (795,944)  (755,983)  (755,943)  (834,984)  (795,904)  (835,904)  (835,944)  (753,903)  (794,1023)  (754,1023)  (715,983)  (715,943)  (874,984)  (869,1024)  (714,1024)  (826,864)  (713,903)
SZ 24  (1276,664)  (1232,665)  (1277,614)  (1232,615)
Satala  (2949,481)  (2909,514)  (2909,474)  (2967,521)  (2989,467)  (3029,475)  (2861,456)
SZ 23  (1064,628)  (1096,668)  (1056,668)  (1045,588)  (1085,588)  (1125,549)  (1045,548)  (1085,548)
SZ 22  (971,602)  (931,641)  (931,601)  (1005,642)  (971,562)  (929,561)
SZ 21  (1232,403)  (1258,443)  (1218,363)
Sardica  (1934,347)  (1894,382)  (1894,342)  (1938,387)  (1934,307)  (1854,349)
Egbatana  (3531,944)  (3491,978)  (3491,938)  (3559,984)  (3531,904)  (3484,898)  (3451,967)  (3444,927)  (3444,887)
SZ 18  (875,624)  (886,664)  (867,584)  (843,544)  (883,544)
SZ 19  (948,486)  (908,490)  (908,450)  (948,446)
Singidinum  (1846,245)  (1806,277)  (1806,237)  (1846,205)  (1886,245)
Capsa  (1094,1213)  (1054,1252)  (1054,1212)  (1133,1253)  (1094,1173)  (1134,1173)  (1134,1213)  (1052,1172)  (1093,1292)  (1053,1292)  (1174,1147)  (1111,1332)  (1071,1332)  (1031,1332)
Durostorum  (2038,270)  (1998,258)  (2077,310)  (2038,230)  (2078,230)  (2078,270)  (1985,218)  (1945,241)
SZ 51  (2079,1046)  (2128,1051)  (2079,1093)  (2164,1096)  (2081,1142)  (2162,1158)  (2121,1123)
SZ 50  (1967,1005)  (2018,1004)  (1966,1051)  (2020,1051)  (1967,1101)  (2019,1103)
Palma  (766,677)  (803,642)  (760,630)  (815,581)
SZ 53  (2331,1082)  (2373,1081)  (2420,1081)  (2332,1154)  (2379,1128)  (2420,1150)
SZ 52  (2214,1060)  (2266,1060)  (2219,1115)  (2276,1115)  (2215,1174)  (2269,1169)
Lilybaeum  (1439,897)  (1455,849)  (1397,860)  (1354,818)  (1406,817)
SZ 55  (2592,1028)  (2666,1028)  (2638,1074)  (2590,1075)  (2592,1121)  (2587,1163)
SZ 54  (2465,1078)  (2505,1078)  (2548,1078)  (2474,1169)  (2467,1123)  (2514,1135)  (2548,1163)
SZ 57  (2592,799)  (2632,781)  (2673,739)  (2681,783)  (2656,831)  (2697,831)
Genua  (1278,335)  (1253,288)  (1208,298)  (1164,325)
SZ 56  (2592,980)  (2633,979)  (2676,977)  (2592,930)  (2633,929)  (2680,927)  (2611,880)  (2667,879)
Tarentum  (1813,707)  (1784,661)  (1740,666)  (1698,649)  (1742,618)  (1683,603)
SZ 59  (2510,1009)  (2470,1039)  (2470,999)  (2550,971)  (2550,1011)
SZ 58  (2465,923)  (2548,925)  (2549,805)  (2503,816)  (2466,789)  (2463,837)
Sarai  (3260,47)  (3220,68)  (3220,28)  (3299,87)  (3260,7)  (3300,7)  (3300,47)  (3180,63)  (3180,23)  (3339,87)  (3339,127)  (3299,127)  (3340,0)  (3340,40)  (3140,16)  (3379,80)  (3323,167)  (3380,0)  (3380,40)  (3100,13)  (3420,0)  (3420,40)  (3460,0)  (3500,0)  (3529,256)  (3540,0)  (3542,210)
Rhodos  (2301,876)  (2296,830)  (2241,800)  (2195,800)
Cirta  (793,1120)  (753,1159)  (753,1119)  (832,1160)  (793,1080)  (833,1080)  (833,1120)  (751,1079)  (792,1199)  (752,1199)  (836,1200)  (796,1239)  (756,1239)  (716,1244)  (829,1279)  (789,1279)  (749,1284)  (709,1293)  (827,1319)  (787,1324)  (747,1333)  (707,1333)
Apollonia  (1896,611)  (1911,566)  (1878,535)  (1905,500)
SZ 42  (1844,746)  (1935,758)  (1902,703)  (1854,700)  (1874,656)  (1826,651)
SZ 41  (1776,805)  (1803,845)  (1763,845)  (1758,765)  (1798,765)  (1727,725)  (1767,725)
SZ 40  (1764,938)  (1804,899)  (1804,939)  (1844,899)  (1844,939)  (1884,899)  (1884,939)
Cyropolis  (3426,787)  (3386,774)  (3465,827)  (3426,747)  (3382,734)  (3505,799)  (3505,839)  (3380,694)  (3545,819)  (3375,654)
Zama  (985,1053)  (945,1086)  (945,1046)  (1024,1093)  (985,1013)  (1025,1013)  (1025,1053)  (1064,1093)  (977,973)  (1017,973)  (1057,973)  (1065,1013)  (1065,1053)
SZ 46  (1487,340)  (1466,300)  (1527,323)  (1453,260)
Paraetonium  (2128,1281)  (2088,1320)  (2088,1280)  (2167,1321)  (2128,1241)  (2168,1269)  (2086,1240)  (2112,1200)
SZ 45  (1577,447)  (1537,431)  (1607,487)
SZ 44  (1707,512)  (1667,527)  (1667,487)  (1733,552)  (1707,472)  (1693,567)  (1647,447)
SZ 43  (1817,595)  (1777,594)  (1817,555)  (1775,554)  (1815,515)
Nicaea  (2395,577)  (2441,552)  (2375,527)  (2372,479)  (2423,496)
SZ 49  (1851,1058)  (1916,1065)  (1916,1012)  (1855,1010)
Alesia  (929,16)  (889,49)  (889,9)  (969,0)  (849,48)  (849,8)  (809,43)
SZ 48  (1993,936)  (1953,964)  (1953,924)  (2033,950)
Hippo Regius  (991,891)  (951,927)  (951,887)  (1031,852)  (1031,892)  (911,934)  (911,894)  (911,854)  (1071,843)  (1071,883)
SZ 47  (1844,795)  (1888,796)  (1840,848)  (1889,847)  (1940,850)  (1943,804)
Gazaca  (3234,713)  (3194,695)  (3273,753)  (3233,753)  (3234,673)  (3274,673)  (3274,713)  (3175,655)  (3314,669)  (3314,709)  (3135,626)  (3125,586)  (3108,546)
Leptis Magna  (1618,1278)  (1657,1318)  (1617,1318)  (1614,1238)  (1658,1256)  (1665,1358)  (1625,1358)  (1585,1358)
Olisipo  (21,530)  (64,551)  (106,531)  (61,502)  (113,484)  (85,441)
Sidon  (2720,1011)  (2761,981)  (2717,962)  (2760,933)  (2721,898)
Dodona  (1988,646)  (1950,673)  (1911,650)  (1948,621)  (1984,594)
Artaxata  (3118,436)  (3078,440)  (3078,400)  (3157,476)  (3118,396)  (3158,400)  (3038,428)  (3038,388)  (3163,516)
Emesa  (2921,954)  (2948,912)  (2895,906)  (2948,864)  (2898,858)  (2895,812)  (2855,878)
Ariminum  (1427,429)  (1471,415)  (1432,379)  (1386,375)  (1340,356)
Nemausus  (1008,237)  (968,276)  (968,236)  (1012,277)  (1048,220)  (1052,260)
Valentia  (569,734)  (579,685)  (530,681)  (590,637)  (547,633)  (475,660)  (503,627)  (535,591)
Teredon  (3322,1285)  (3362,1349)  (3315,1347)  (3274,1347)
Patavium  (1403,325)  (1414,276)  (1368,275)  (1397,230)  (1443,207)  (1418,160)  (1466,160)  (1520,261)
Emerita Augusta  (156,640)  (175,598)  (125,593)  (102,633)  (52,629)  (78,588)
Paliurus  (1991,1198)  (1951,1237)  (1951,1197)  (2026,1238)  (2031,1178)
Pharan  (2503,1216)  (2553,1212)  (2530,1258)  (2578,1256)  (2553,1304)  (2587,1319)
Attalia  (2592,713)  (2552,752)  (2552,712)  (2592,673)  (2632,673)  (2550,672)
Azara  (2758,0)  (2718,11)  (2801,0)  (2678,23)  (2841,0)  (2881,0)
Tingis  (284,996)  (244,1028)  (244,988)  (324,970)  (324,1010)  (235,948)  (204,1025)  (195,985)
Nicopolis  (2080,395)  (2040,413)  (2040,373)  (2080,355)  (2120,357)  (2120,397)
SZ 10  (0,497)  (40,459)
Melita  (1409,993)  (1380,957)
Olbia  (2337,73)  (2381,48)  (2322,22)  (2368,0)
SZ 11  (46,791)  (6,821)  (6,781)  (86,767)  (86,807)
SZ 12  (56,945)  (16,984)  (16,944)  (95,985)  (56,905)  (96,905)  (96,945)  (14,904)  (55,1024)  (15,1024)  (135,985)  (122,1025)  (54,865)  (94,865)  (136,867)  (136,907)  (0,864)
SZ 13  (44,1170)  (4,1209)  (4,1169)  (74,1210)  (44,1130)  (2,1129)  (34,1249)  (42,1090)  (0,1089)  (64,1289)  (24,1289)  (22,1329)
SZ 14  (349,900)  (309,927)  (309,887)  (269,886)
SZ 15  (422,919)  (421,873)  (467,875)  (517,870)  (535,825)
SZ 16  (647,810)  (607,849)  (607,809)  (647,770)  (636,730)  (676,730)
SZ 17  (705,630)  (665,669)  (698,590)  (738,590)
Persepolis  (3522,1220)  (3482,1256)  (3482,1216)  (3559,1260)  (3522,1180)  (3477,1176)  (3519,1296)  (3442,1232)  (3559,1300)  (3437,1192)  (3559,1340)
Caesaraugusta  (547,500)  (589,479)  (635,459)  (671,420)  (623,409)  (577,430)  (575,381)
SZ 08  (547,181)  (574,221)  (534,221)  (520,141)  (560,141)  (587,181)  (600,132)  (562,261)  (522,261)
SZ 07  (430,206)  (390,230)  (390,190)  (469,246)  (430,166)  (470,166)  (470,206)
Pityus  (2821,190)  (2781,174)  (2861,159)  (2861,199)  (2901,151)  (2901,191)  (2941,166)  (2941,206)
Aelana  (2656,1330)  (2704,1332)  (2750,1322)  (2797,1321)  (2819,1348)
Aemona  (1567,185)  (1527,168)  (1571,225)  (1567,145)  (1607,150)  (1611,190)
SZ 09  (26,351)  (63,391)  (23,391)  (0,311)  (40,311)  (80,297)
Corduba  (402,744)  (395,695)  (353,718)  (351,669)  (303,699)  (307,655)
Namnetes  (681,29)  (641,50)  (641,10)  (714,69)  (721,0)  (672,90)  (754,40)  (761,0)
SZ 01  (69,68)  (29,107)  (29,67)  (108,108)  (69,28)  (109,28)  (109,68)  (27,27)
SZ 02  (230,63)  (190,102)  (190,62)  (269,103)  (230,23)  (270,23)  (270,63)  (188,22)
SZ 05  (51,209)  (11,248)  (11,208)  (90,249)  (51,169)  (91,169)  (91,209)  (9,168)
SZ 06  (287,176)  (247,168)  (300,216)  (207,167)  (167,168)
SZ 03  (395,71)  (355,110)  (355,70)  (434,111)  (395,31)  (435,31)  (435,71)  (353,30)  (474,111)  (475,0)  (475,40)
SZ 04  (530,42)  (569,82)  (529,82)  (520,2)  (560,2)  (570,42)
Lucus Augusti  (355,406)  (307,405)  (277,357)  (327,359)  (335,312)  (367,275)
Scallabis  (142,550)  (188,556)  (152,503)  (194,508)  (198,456)
Burdigala  (713,164)  (673,194)  (673,154)  (752,204)  (719,124)  (753,164)  (759,118)  (799,94)
Augustoritum  (834,224)  (873,264)  (874,216)  (913,256)